%YAML:1.0
CM1: !!opencv-matrix
   rows: 3
   cols: 3
   dt: d
   data: [ 4.7067667054607335e+02, 0., 3.4306042623376874e+02, 0.,
       4.6894360360997842e+02, 2.4036456037874927e+02, 0., 0., 1. ]
CM2: !!opencv-matrix
   rows: 3
   cols: 3
   dt: d
   data: [ 4.7067667054607335e+02, 0., 3.3884791650047742e+02, 0.,
       4.6894360360997842e+02, 2.4837925695168116e+02, 0., 0., 1. ]
D1: !!opencv-matrix
   rows: 1
   cols: 5
   dt: d
   data: [ -1.5045876988848439e-01, 1.4545373096239592e-01, 0., 0.,
       -1.8817764766181716e-01 ]
D2: !!opencv-matrix
   rows: 1
   cols: 5
   dt: d
   data: [ -1.3287440467480433e-01, 1.0762084768729323e-01, 0., 0.,
       -5.7810375667519273e-02 ]
R: !!opencv-matrix
   rows: 3
   cols: 3
   dt: d
   data: [ 9.9925829453801562e-01, 1.2887465207288810e-02,
       -3.6287381243447221e-02, -1.2595943391389844e-02,
       9.9988662608475465e-01, 8.2508900687652334e-03,
       3.6389600259652037e-02, -7.7876965385707368e-03,
       9.9930733449503206e-01 ]
T: !!opencv-matrix
   rows: 3
   cols: 1
   dt: d
   data: [ -2.4350523366730311e+01, 1.4413271354480800e-01,
       2.5240080138662663e-02 ]
E: !!opencv-matrix
   rows: 3
   cols: 3
   dt: d
   data: [ 5.5628544508552358e-03, -2.6359680406323943e-02,
       1.4382462465944715e-01, 9.1132717086199522e-01,
       -1.8930920588085529e-01, 2.4332740702755654e+01,
       1.6269200435412945e-01, -2.4349620157888992e+01,
       -1.9568329268973786e-01 ]
F: !!opencv-matrix
   rows: 3
   cols: 3
   dt: d
   data: [ -4.7252349215089208e-08, 2.2473354607190624e-07,
       -6.1282582070951825e-04, -7.7696612243583681e-06,
       1.6199497907859089e-06, -9.5366994084858187e-02,
       1.2953830348984201e-03, 9.7232300770983049e-02, 1. ]
R1: !!opencv-matrix
   rows: 3
   cols: 3
   dt: d
   data: [ 9.9927709024143163e-01, 6.9770017730018188e-03,
       -3.7371357546618661e-02, -6.8291665638299161e-03,
       9.9996834922934719e-01, 4.0820366948276926e-03,
       3.7398655091609237e-02, -3.8238705252638680e-03,
       9.9929310945865368e-01 ]
R2: !!opencv-matrix
   rows: 3
   cols: 3
   dt: d
   data: [ 9.9998194553204367e-01, -5.9189738608357882e-03,
       -1.0365126064200980e-03, 5.9148295535979565e-03,
       9.9997467913394766e-01, -3.9567514845179020e-03,
       1.0599062696339152e-03, 3.9505492520778823e-03,
       9.9999163484466524e-01 ]
P1: !!opencv-matrix
   rows: 3
   cols: 4
   dt: d
   data: [ 4.1760821275095435e+02, 0., 2.6186967849731445e+02, 0., 0.,
       4.1760821275095435e+02, 2.4506300845742226e+02, 0., 0., 0., 1.,
       0. ]
P2: !!opencv-matrix
   rows: 3
   cols: 4
   dt: d
   data: [ 4.1760821275095435e+02, 0., 2.6186967849731445e+02,
       -1.0169162141542620e+04, 0., 4.1760821275095435e+02,
       2.4506300845742226e+02, 0., 0., 0., 1., 0. ]
Q: !!opencv-matrix
   rows: 4
   cols: 4
   dt: d
   data: [ 1., 0., 0., -2.6186967849731445e+02, 0., 1., 0.,
       -2.4506300845742226e+02, 0., 0., 0., 4.1760821275095435e+02, 0.,
       0., 4.1066137695352438e-02, 0. ]
