%YAML:1.0
CM1: !!opencv-matrix
   rows: 3
   cols: 3
   dt: d
   data: [ 8.0166293308417085e+02, 0., 7.1744040400141341e+02, 0.,
       8.0216631222839010e+02, 4.7029497671806854e+02, 0., 0., 1. ]
CM2: !!opencv-matrix
   rows: 3
   cols: 3
   dt: d
   data: [ 1.5424254608607656e+04, 0., 6.5392447039182593e+02, 0.,
       1.1451496556147576e+04, 5.4128810398115502e+02, 0., 0., 1. ]
D1: !!opencv-matrix
   rows: 1
   cols: 5
   dt: d
   data: [ -4.3618146460705659e-01, 2.2388437175095738e-01,
       -1.6119929296606222e-03, -4.3197528863987205e-03,
       -5.2692981749494147e-02 ]
D2: !!opencv-matrix
   rows: 1
   cols: 5
   dt: d
   data: [ -7.2193318472133441e+01, 8.3157433036408565e+03,
       5.5113809757021437e-01, 4.9594854331076049e-02,
       -1.5498049113182857e+04 ]
R: !!opencv-matrix
   rows: 3
   cols: 3
   dt: d
   data: [ 9.9462068644250201e-01, 1.5688301826937617e-02,
       1.0238929283100329e-01, -1.7638653879829665e-02,
       9.9967929780334774e-01, 1.8170840176313263e-02,
       -1.0207138673474367e-01, -1.9879102826648294e-02,
       9.9457842992941181e-01 ]
T: !!opencv-matrix
   rows: 3
   cols: 1
   dt: d
   data: [ -1.1379836334674828e+03, -1.2784852073743376e+02,
       -1.5718342712827207e+03 ]
E: !!opencv-matrix
   rows: 3
   cols: 3
   dt: d
   data: [ -1.4675364863954698e+01, 1.5738716944691214e+03,
       -9.8593831696704584e+01, -1.6795344494265378e+03,
       -4.7281504134550801e+01, 9.7087497597528318e+02,
       1.4723328288816870e+02, -1.1356129534350191e+03,
       -7.5877990992021829e+00 ]
F: !!opencv-matrix
   rows: 3
   cols: 3
   dt: d
   data: [ -3.0262385902980705e-07, 4.2976091862360678e-05,
       -3.8024096171419927e-02, -4.5861315784639635e-05,
       -1.7095909713506173e-06, 2.4739106627533414e-01,
       4.8035760695877810e-02, -2.8017809242620689e-01, 1. ]
R1: !!opencv-matrix
   rows: 3
   cols: 3
   dt: d
   data: [ 4.9835325859783791e-01, 5.8832479064714185e-02,
       8.6497558870295088e-01, -6.9345167618874701e-02,
       9.9720325817879718e-01, -2.7873098240081148e-02,
       -8.6419631876838410e-01, -4.6091227849678854e-02,
       5.0103924131996125e-01 ]
R2: !!opencv-matrix
   rows: 3
   cols: 3
   dt: d
   data: [ 5.8515968068960877e-01, 6.5740663899884880e-02,
       8.0824891784971631e-01, -5.6181619339252038e-02,
       9.9760013069991937e-01, -4.0467330971081281e-02,
       -8.0896957528924074e-01, -2.1728882564596506e-02,
       5.8744879089060986e-01 ]
P1: !!opencv-matrix
   rows: 3
   cols: 4
   dt: d
   data: [ 4.5416349399356523e+02, 0., 3.7141995811462402e+02, 0., 0.,
       4.5416349399356523e+02, 4.3318954243510962e+02, 0., 0., 0., 1.,
       0. ]
P2: !!opencv-matrix
   rows: 3
   cols: 4
   dt: d
   data: [ 4.5416349399356523e+02, 0., 3.7141995811462402e+02,
       -8.8323006546520989e+05, 0., 4.5416349399356523e+02,
       4.3318954243510962e+02, 0., 0., 0., 1., 0. ]
Q: !!opencv-matrix
   rows: 4
   cols: 4
   dt: d
   data: [ 1., 0., 0., -3.7141995811462402e+02, 0., 1., 0.,
       -4.3318954243510962e+02, 0., 0., 0., 4.5416349399356523e+02, 0.,
       0., 5.1420746615362420e-04, 0. ]
